T6, 17/07/2026 | 05 07 22 31 33 | 06
T5, 16/07/2026 | 02 04 08 09 32 | 03
T5, 16/07/2026 | 03 17 18 22 29 | 10
T4, 15/07/2026 | 05 15 18 19 35 | 05
T4, 15/07/2026 | 01 06 11 18 33 | 08
T3, 14/07/2026 | 10 18 19 28 33 | 09
T3, 14/07/2026 | 01 19 23 31 34 | 07
T2, 13/07/2026 | 02 07 09 13 34 | 05
T2, 13/07/2026 | 09 11 12 30 35 | 09
CN, 12/07/2026 | 10 15 22 31 32 | 12
CN, 12/07/2026 | 14 17 20 21 22 | 03
T7, 11/07/2026 | 01 04 11 21 27 | 11
T7, 11/07/2026 | 09 11 16 20 33 | 09
T6, 10/07/2026 | 09 11 25 29 31 | 12
T6, 10/07/2026 | 01 05 10 17 34 | 06
T5, 09/07/2026 | 14 19 25 28 30 | 04
T5, 09/07/2026 | 06 10 20 25 33 | 01
T4, 08/07/2026 | 06 07 15 27 35 | 05
T4, 08/07/2026 | 04 08 11 27 34 | 06
T3, 07/07/2026 | 02 08 13 21 29 | 04
T3, 07/07/2026 | 11 12 14 29 31 | 07
T2, 06/07/2026 | 03 06 10 16 31 | 02
T2, 06/07/2026 | 04 22 24 28 31 | 07
CN, 05/07/2026 | 16 17 24 27 30 | 03
CN, 05/07/2026 | 11 20 23 27 35 | 05
T7, 04/07/2026 | 02 05 15 22 27 | 03
T7, 04/07/2026 | 04 22 25 28 35 | 03
T6, 03/07/2026 | 05 11 20 30 34 | 05
T6, 03/07/2026 | 03 06 15 20 34 | 10
T5, 02/07/2026 | 01 08 11 13 33 | 05
T5, 02/07/2026 | 06 08 09 14 31 | 09
T4, 01/07/2026 | 04 10 17 21 31 | 02
T4, 01/07/2026 | 22 26 27 29 32 | 10
T3, 30/06/2026 | 01 12 22 28 35 | 09
T3, 30/06/2026 | 05 11 29 32 33 | 04
T2, 29/06/2026 | 08 22 27 31 35 | 02
T2, 29/06/2026 | 17 19 28 30 34 | 08
CN, 28/06/2026 | 06 09 14 27 29 | 01
CN, 28/06/2026 | 03 06 08 10 35 | 10
T7, 27/06/2026 | 08 19 23 27 32 | 04
T7, 27/06/2026 | 02 05 09 21 22 | 07
T6, 26/06/2026 | 02 06 08 11 14 | 03
T6, 26/06/2026 | 04 10 25 27 32 | 04
T5, 25/06/2026 | 02 10 24 26 31 | 09
T5, 25/06/2026 | 03 09 19 28 35 | 03
T4, 24/06/2026 | 04 17 24 26 29 | 09
T4, 24/06/2026 | 05 06 12 13 29 | 06
T3, 23/06/2026 | 07 23 26 28 34 | 06
T3, 23/06/2026 | 12 17 19 20 21 | 04
T2, 22/06/2026 | 05 08 10 18 22 | 08
T2, 22/06/2026 | 09 18 21 29 34 | 12
CN, 21/06/2026 | 10 15 16 18 28 | 06
CN, 21/06/2026 | 02 06 23 29 34 | 03
T7, 20/06/2026 | 09 15 29 31 33 | 06
T7, 20/06/2026 | 05 15 17 26 33 | 08
T6, 19/06/2026 | 05 10 15 18 29 | 08
T6, 19/06/2026 | 04 19 22 23 33 | 08
T5, 18/06/2026 | 11 18 19 20 29 | 03
T5, 18/06/2026 | 10 15 17 18 22 | 03
T4, 17/06/2026 | 12 14 18 19 33 | 06