T4, 15/07/2026 | 07 11 29 37 43 45
CN, 12/07/2026 | 06 09 11 17 35 44
T6, 10/07/2026 | 09 17 23 26 42 44
T4, 08/07/2026 | 13 14 22 26 37 44
CN, 05/07/2026 | 01 05 13 29 32 35
T6, 03/07/2026 | 06 20 21 28 30 39
T4, 01/07/2026 | 20 24 25 29 40 44
CN, 28/06/2026 | 02 11 18 33 42 45
T6, 26/06/2026 | 09 14 31 36 41 45
T4, 24/06/2026 | 03 11 17 19 30 32
CN, 21/06/2026 | 03 08 19 27 41 45
T6, 19/06/2026 | 06 09 19 29 30 36
T4, 17/06/2026 | 05 06 16 28 35 39
CN, 14/06/2026 | 07 16 20 22 24 38
T6, 12/06/2026 | 05 15 30 34 37 38
T4, 10/06/2026 | 03 09 17 22 27 32
CN, 07/06/2026 | 14 21 26 30 34 35
T6, 05/06/2026 | 13 16 19 32 36 39
T4, 03/06/2026 | 03 11 26 33 36 38
CN, 31/05/2026 | 01 12 16 21 24 41
T6, 29/05/2026 | 13 14 24 28 30 42
T4, 27/05/2026 | 02 13 17 18 31 37
CN, 24/05/2026 | 04 08 09 14 25 42
T6, 22/05/2026 | 02 03 14 28 41 44
T4, 20/05/2026 | 16 28 29 37 40 45
CN, 17/05/2026 | 04 08 13 15 27 31
T6, 15/05/2026 | 06 14 20 22 23 44
T4, 13/05/2026 | 08 10 15 32 35 43
CN, 10/05/2026 | 03 04 10 11 27 42
T6, 08/05/2026 | 04 16 17 26 34 42
T4, 06/05/2026 | 09 12 28 36 37 40
CN, 03/05/2026 | 07 09 14 24 38 39
T6, 01/05/2026 | 04 21 25 31 41 43
T4, 29/04/2026 | 04 14 15 16 17 25
CN, 26/04/2026 | 12 18 22 25 31 41
T6, 24/04/2026 | 20 29 33 36 41 42
T4, 22/04/2026 | 02 06 15 16 17 37
CN, 19/04/2026 | 07 10 15 27 33 35
T6, 17/04/2026 | 01 10 19 31 36 38
T4, 15/04/2026 | 21 22 33 35 36 43
CN, 12/04/2026 | 01 10 11 32 39 42
T6, 10/04/2026 | 07 08 10 16 28 35
T4, 08/04/2026 | 05 08 23 26 38 41
CN, 05/04/2026 | 02 09 23 30 32 42
T6, 03/04/2026 | 02 04 23 24 35 41
T4, 01/04/2026 | 06 30 34 36 37 44
CN, 29/03/2026 | 05 08 18 30 37 45
T6, 27/03/2026 | 05 07 13 19 38 45
T4, 25/03/2026 | 16 22 24 29 35 36
CN, 22/03/2026 | 05 10 22 26 31 36
T6, 20/03/2026 | 08 11 22 23 38 43
T4, 18/03/2026 | 14 20 33 35 36 44
CN, 15/03/2026 | 04 07 11 26 42 44
T6, 13/03/2026 | 11 12 20 22 31 33
T4, 11/03/2026 | 16 18 19 28 31 44
CN, 08/03/2026 | 06 12 13 25 31 32
T6, 06/03/2026 | 02 10 12 21 32 37
T4, 04/03/2026 | 01 04 06 09 13 44
CN, 01/03/2026 | 16 22 23 35 44 45
T6, 27/02/2026 | 02 04 08 15 17 28