T5, 16/07/2026 | 19 20 33 45 48 53 | 21
T3, 14/07/2026 | 10 24 30 35 45 51 | 33
T7, 11/07/2026 | 09 17 20 33 41 42 | 40
T5, 09/07/2026 | 02 09 10 14 17 49 | 45
T3, 07/07/2026 | 04 06 25 32 33 44 | 08
T7, 04/07/2026 | 13 15 18 23 31 43 | 41
T5, 02/07/2026 | 05 11 28 34 41 42 | 49
T3, 30/06/2026 | 05 13 18 22 43 44 | 47
T7, 27/06/2026 | 07 16 21 23 28 52 | 54
T5, 25/06/2026 | 01 03 08 15 35 55 | 23
T3, 23/06/2026 | 01 13 28 38 40 46 | 05
T7, 20/06/2026 | 16 23 26 30 52 53 | 46
T5, 18/06/2026 | 01 04 14 20 46 49 | 36
T3, 16/06/2026 | 02 04 05 07 31 40 | 14
T7, 13/06/2026 | 02 08 19 33 36 47 | 42
T5, 11/06/2026 | 01 08 17 24 40 48 | 46
T3, 09/06/2026 | 06 08 18 27 32 34 | 35
T7, 06/06/2026 | 03 11 16 37 39 41 | 28
T5, 04/06/2026 | 23 24 28 29 39 43 | 45
T3, 02/06/2026 | 01 03 05 16 37 51 | 42
T7, 30/05/2026 | 02 08 20 24 25 42 | 44
T5, 28/05/2026 | 08 11 21 25 31 53 | 54
T3, 26/05/2026 | 01 14 15 19 23 34 | 29
T7, 23/05/2026 | 17 21 22 27 38 49 | 03
T5, 21/05/2026 | 16 18 20 28 32 34 | 40
T3, 19/05/2026 | 12 39 40 45 48 53 | 21
T7, 16/05/2026 | 08 25 32 36 39 47 | 50
T5, 14/05/2026 | 26 28 39 41 48 55 | 50
T3, 12/05/2026 | 02 11 22 26 31 38 | 15
T7, 09/05/2026 | 03 10 32 37 45 55 | 46
T5, 07/05/2026 | 13 14 33 44 46 50 | 47
T3, 05/05/2026 | 04 06 08 17 30 50 | 32
T7, 02/05/2026 | 09 21 22 26 33 51 | 17
T5, 30/04/2026 | 09 15 21 25 29 50 | 16
T3, 28/04/2026 | 24 25 34 51 52 53 | 35
T7, 25/04/2026 | 04 07 10 29 41 46 | 43
T5, 23/04/2026 | 05 16 17 22 33 53 | 55
T3, 21/04/2026 | 08 30 36 39 50 53 | 15
T7, 18/04/2026 | 09 19 20 28 37 39 | 24
T5, 16/04/2026 | 02 07 15 22 47 52 | 55
T3, 14/04/2026 | 08 16 22 35 39 47 | 28
T7, 11/04/2026 | 13 26 29 38 49 53 | 07
T5, 09/04/2026 | 16 18 22 29 41 53 | 38
T3, 07/04/2026 | 01 13 23 31 44 53 | 32
T7, 04/04/2026 | 05 07 10 23 30 54 | 40
T5, 02/04/2026 | 09 21 32 34 52 53 | 22
T3, 31/03/2026 | 15 16 22 38 43 48 | 11
T7, 28/03/2026 | 07 13 21 30 33 42 | 39
T5, 26/03/2026 | 03 09 10 34 38 44 | 51
T3, 24/03/2026 | 12 19 25 26 32 45 | 03
T7, 21/03/2026 | 01 06 40 43 47 53 | 03
T5, 19/03/2026 | 07 09 17 31 34 36 | 55
T3, 17/03/2026 | 12 26 28 43 50 54 | 52
T7, 14/03/2026 | 07 16 27 29 47 52 | 26
T5, 12/03/2026 | 12 28 36 40 53 55 | 54
T3, 10/03/2026 | 03 26 31 39 47 54 | 20
T7, 07/03/2026 | 04 32 41 45 50 52 | 29
T5, 05/03/2026 | 14 16 35 38 43 51 | 37
T3, 03/03/2026 | 07 13 27 29 43 50 | 25
T7, 28/02/2026 | 22 25 31 44 51 54 | 36